00100000000010000000000000000001 20080001 537395201
00100000000010010000000000000010 20090002 537460738
00100000000010100000000000000011 200a0003 537526275
10101100000010000000000000000000 ac080000 -1408761856
10101100000010010000000000000100 ac090004 -1408696316
10001100000010110000000000000000 8c0b0000 -1945436160
10001100000011000000000000000100 8c0c0004 -1945370620
00010001011011000000000000000001 116c0001 292290561
00010101011011000000000000000001 156c0001 359399425
00100000000011010000001111100111 200d03e7 537723879
00000001011011000111000000100000 016c7020 23883808
00010001110010100000000000000001 11ca0001 298450945
00100000000011110000000001111011 200f007b 537854075
00001000000000000000000000001111 0800000f 134217743
00100000000000000000000000000000 20000000 536870912
00001100000000000000000000010010 0c000012 201326610
00100000000010000000000010000100 20080084 537395332
00000001000000001000100000001001 01008809 16812041
00100000000100100000000000000111 20120007 538050567
00000011111000000000000000001000 03e00008 65011720
00010101010010100000000000000011 154a0003 357171203
00000000000000001101000000001100 0000d00c 53260
00100000000100110000000000101010 2013002a 538116138
00000010001000000000000000001000 02200008 35651592
00001000000000000000000000011000 08000018 134217752
